00460
00470
00480

00680
00690
00700
00710
00720
00730
00740
00750

00800
00810
00820
00830
00840
00870
00920

01080
01090
01100
01110

01340
01350
01360
01370
01380
01390

01710
01720
01730
01740
01750
01760
01770
01780
01790

02340
02350
02360
02370
02380
02390
02400

03300
03310
03320

03940
03950
03960

04360
04370
04380

04700
04710
04720
04730
04740

05070
05080
05090
05100
05110
05120
05130
05140
05150
05160

05220
05230
05240
05250
05260
05270
05280

05570
05580
05590
05600
05610
05620
05630
05640
05650
05660

06310
06320
06330
06340

06490
06500
06510
06520
06530
06540
06550
06560

07670
07680
07690
07700
07710
07720
07730
07740
07750
07760

07960

08270
08280
08290
08300

08600
08610
08620
08630
08640
08650
08660

08700
08710
08720
08730

08800
08810
08820

09130
09140
09150
09160
09170
09180
09190
09200
09210

09980
09990
10000
10010
10020
10030
10040